Torque (N.m) 	rpm	out p	V	(A) 	input power(W) 	eff(%)			Motor test record							
1,07	357	40	48,12	1,34	64,28	62,2			Manufacturer:GoldenMotor.com							
1,16	357	43,37	48,12	1,32	63,34	68,5			Model:MagicPie Numbering:F0001150001, 2009							
1,13	357	42,25	48,12	1,33	63,77	66,2										
1,05	358	39,37	48,12	1,35	64,9	60,7										
0,96	357	35,89	48,12	1,34	64,42	55,7			Desc. 	Torque (N.m) 	rpm	out p	V	(A) 	input power(W) 	eff(%)
0,87	357	32,53	48,12	1,38	66,53	48,9			Torque Max 	27.66 	279	808.16 	47.85 	23.45 	1122.09 	72.0
0,82	356	30,57	48,12	1,38	66,34	46,1			RPM Max 	1.05 	358	39.37 	48.12 	1.35 	64.90 	60.7
0,75	357	28,04	48,11	1,43	68,71	40,8			P out Max 	27.66 	279	808.16 	47.85 	23.45 	1122.09 	72.0
0,67	357	25,05	48,11	1,45	70	35,8			V in Max 	1.07 	357	40.00 	48.12 	1.34 	64.28 	62.2
0,58	356	21,62	48,11	1,48	71,3	30,3			current in Max 	27.66 	279	808.16 	47.85 	23.45 	1122.09 	72.0
0,48	357	17,95	48,11	1,53	73,76	24,3			input p Max 	27.66 	279	808.16 	47.85 	23.45 	1122.09 	72.0
0,38	355	14,13	48,11	1,56	75,22	18,8			eff Max 	11.17 	324	379.00 	48.00 	9.99 	479.70 	79.0
0,27	356	10,07	48,11	1,64	78,75	12,8										
0,15	356	5,59	48,11	1,67	80,2	7										
0,02	355	0,74	48,11	1,75	84,11	0,9										
0	355	0	48,11	1,8	86,65	0										
0,13	356	4,85	48,11	1,89	90,78	5,3										
0,29	356	10,81	48,11	1,96	94,38	11,5										
0,42	354	15,57	48,11	2,02	97,38	16										
0,54	355	20,08	48,1	2,13	102,37	19,6										
0,73	354	27,06	48,1	2,23	107,41	25,2										
0,82	354	30,4	48,1	2,29	109,97	27,6										
1,01	353	37,34	48,1	2,42	116,37	32,1										
1,16	352	42,76	48,1	2,48	119,33	35,8										
1,34	352	49,4	48,1	2,62	126	39,2										
1,45	352	53,45	48,1	2,7	129,8	41,2										
1,68	351	61,75	48,09	2,82	135,78	45,5										
1,87	350	68,54	48,09	2,94	141,55	48,4										
1,92	351	70,57	48,09	3,05	146,8	48,1										
2,16	350	79,17	48,09	3,18	152,89	51,8										
2,3	349	84,06	48,09	3,32	159,44	52,7										
2,43	348	88,56	48,08	3,44	165,47	53,5										
2,77	348	100,95	48,08	3,6	173,01	58,3										
2,83	348	103,14	48,08	3,73	179,29	57,5										
3,21	347	116,65	48,08	3,89	186,82	62,4										
3,25	346	117,76	48,08	4,02	193,3	60,9										
3,63	345	131,15	48,07	4,19	201,32	65,1										
3,67	345	132,6	48,07	4,32	207,63	63,9										
4,05	344	145,9	48,07	4,51	216,7	67,3										
4,11	344	148,06	48,07	4,63	222,66	66,5										
4,51	343	162	48,07	4,84	232,62	69,6										
4,57	343	164,15	48,06	4,97	239	68,7										
4,95	342	177,29	48,06	5,17	248,47	71,4										
5,05	343	181,4	48,06	5,35	257,01	70,6										
5,37	340	191,2	48,06	5,5	264,52	72,3										
5,57	341	198,91	48,05	5,73	275,55	72,2										
5,79	339	205,55	48,05	5,87	282,03	72,9										
6,15	339	218,33	48,05	6,09	292,46	74,7										
6,28	337	221,63	48,05	6,28	301,56	73,5										
6,72	337	237,16	48,04	6,43	308,89	76,8										
6,82	337	240,69	48,04	6,68	320,9	75										
7,13	335	250,14	48,04	6,83	328,24	76,2										
7,39	335	259,26	48,04	7,04	338,27	76,6										
7,59	333	264,68	48,03	7,28	349,57	75,7										
8,03	333	280,03	48,03	7,43	356,76	78,5										
8,11	332	281,97	48,03	7,65	367,38	76,8										
8,53	332	296,57	48,03	7,93	381,12	77,8										
8,66	331	300,18	48,02	8,21	394,25	76,1										
9,05	330	312,76	48,02	8,38	402,68	77,7										
9,33	330	322,43	48,02	8,58	411,91	78,3										
9,53	328	327,35	48,02	8,85	424,97	77										
9,9	328	340,06	48,01	9,08	435,95	78										
10,24	327	350,66	48,01	9,26	444,38	78,9										
10,41	326	355,39	48,01	9,49	455,63	78										
10,72	325	364,85	48	9,76	468,47	77,9										
11,17	324	379	48	9,99	479,7	79										
11,32	324	384,09	48	10,17	488,07	78,7										
11,57	322	390,15	48	10,41	499,5	78,1										
11,94	322	402,63	47,99	10,72	514,4	78,3										
12,31	321	413,81	47,99	10,94	525,05	78,8										
12,46	321	418,86	47,99	11,15	534,89	78,3										
12,77	318	425,27	47,98	11,36	545,3	78										
13,14	318	437,59	47,98	11,62	557,42	78,5										
13,55	317	449,82	47,98	11,91	571,49	78,7										
13,74	317	456,13	47,97	12,15	582,72	78,3										
14,02	316	463,96	47,97	12,37	593,51	78,2										
14,34	315	473,04	47,97	12,6	604,57	78,2										
14,62	315	482,28	47,97	12,84	615,72	78,3										
14,97	313	490,69	47,96	13,15	630,88	77,8										
15,3	312	499,91	47,96	13,45	644,97	77,5										
15,67	311	510,35	47,96	13,73	658,57	77,5										
16,09	310	522,35	47,95	13,96	669,59	78										
16,4	310	532,41	47,95	14,24	683,05	77,9										
16,68	309	539,75	47,95	14,45	692,73	77,9										
16,92	309	547,52	47,94	14,71	705,19	77,6										
17,24	308	556,07	47,94	14,96	717,09	77,5										
17,57	306	563,03	47,94	15,2	728,59	77,3										
17,88	304	569,22	47,93	15,47	741,47	76,8										
18,21	304	579,73	47,93	15,76	755,34	76,8										
18,55	304	590,55	47,93	16,02	767,97	76,9										
18,94	302	599	47,92	16,29	780,89	76,7										
19,3	302	610,39	47,92	16,58	794,65	76,8										
19,66	301	619,72	47,92	16,85	807,41	76,8										
20	300	628,34	47,91	17,12	820,26	76,6										
20,34	299	636,89	47,91	17,39	833,15	76,4										
20,64	298	644,12	47,91	17,72	849,14	75,9										
20,96	297	651,91	47,9	17,98	861,26	75,7										
21,31	297	662,8	47,9	18,27	875,1	75,7										
21,63	296	670,49	47,9	18,52	887,34	75,6										
21,95	295	678,11	47,9	18,81	901,01	75,3										
22,28	294	685,97	47,89	19,11	915,51	74,9										
22,61	293	693,76	47,89	19,38	928,24	74,7										
22,94	292	701,49	47,89	19,64	940,37	74,6										
23,23	291	707,92	47,88	19,9	953,07	74,3										
23,54	290	714,9	47,88	20,19	966,64	74										
23,87	290	724,92	47,88	20,41	977,12	74,2										
24,18	289	731,81	47,87	20,64	988,45	74										
24,52	288	739,53	47,87	20,9	1000,57	73,9										
24,85	286	744,28	47,87	21,2	1014,98	73,3										
25,19	286	754,46	47,86	21,54	1031,2	73,2										
25,5	286	763,74	47,86	21,82	1044,34	73,1										
25,83	284	768,22	47,86	22,1	1057,61	72,6										
26,2	283	776,48	47,86	22,37	1070,53	72,5										
26,59	281	782,47	47,86	22,61	1081,99	72,3										
26,9	282	794,41	47,85	22,87	1094,62	72,6										
27,4	280	803,43	47,85	23,16	1108,35	72,5										
